6.500000000000000000e+01
6.600000000000000000e+01
7.500000000000000000e+01
7.600000000000000000e+01
7.700000000000000000e+01
7.800000000000000000e+01
9.000000000000000000e+01
9.100000000000000000e+01
9.200000000000000000e+01
9.300000000000000000e+01
9.600000000000000000e+01
9.700000000000000000e+01
1.520000000000000000e+02
1.530000000000000000e+02
1.540000000000000000e+02
1.550000000000000000e+02
2.330000000000000000e+02
2.340000000000000000e+02
2.400000000000000000e+02
2.410000000000000000e+02
2.530000000000000000e+02
2.540000000000000000e+02
2.780000000000000000e+02
2.790000000000000000e+02
3.040000000000000000e+02
3.050000000000000000e+02
3.220000000000000000e+02
3.230000000000000000e+02
3.240000000000000000e+02
3.250000000000000000e+02
3.810000000000000000e+02
3.820000000000000000e+02
3.830000000000000000e+02
3.840000000000000000e+02
3.890000000000000000e+02
3.900000000000000000e+02
4.030000000000000000e+02
4.040000000000000000e+02
4.420000000000000000e+02
4.430000000000000000e+02
5.000000000000000000e+02
5.010000000000000000e+02
5.300000000000000000e+02
5.310000000000000000e+02
5.530000000000000000e+02
5.540000000000000000e+02
5.550000000000000000e+02
5.560000000000000000e+02
5.760000000000000000e+02
5.770000000000000000e+02
6.130000000000000000e+02
6.140000000000000000e+02
6.220000000000000000e+02
6.230000000000000000e+02
6.360000000000000000e+02
6.370000000000000000e+02
6.690000000000000000e+02
6.700000000000000000e+02
7.120000000000000000e+02
7.130000000000000000e+02
7.140000000000000000e+02
7.150000000000000000e+02
7.230000000000000000e+02
7.240000000000000000e+02
7.350000000000000000e+02
7.360000000000000000e+02
7.430000000000000000e+02
7.440000000000000000e+02
7.610000000000000000e+02
7.620000000000000000e+02
7.700000000000000000e+02
7.710000000000000000e+02
7.860000000000000000e+02
7.870000000000000000e+02
8.040000000000000000e+02
8.050000000000000000e+02
8.060000000000000000e+02
8.070000000000000000e+02
8.420000000000000000e+02
8.430000000000000000e+02
8.450000000000000000e+02
8.460000000000000000e+02
8.700000000000000000e+02
8.710000000000000000e+02
8.730000000000000000e+02
8.740000000000000000e+02
8.810000000000000000e+02
8.820000000000000000e+02
9.050000000000000000e+02
9.060000000000000000e+02
9.200000000000000000e+02
9.210000000000000000e+02
9.490000000000000000e+02
9.500000000000000000e+02
1.042000000000000000e+03
1.043000000000000000e+03
1.063000000000000000e+03
1.064000000000000000e+03
1.067000000000000000e+03
1.068000000000000000e+03
1.070000000000000000e+03
1.071000000000000000e+03
1.072000000000000000e+03
1.073000000000000000e+03
1.074000000000000000e+03
1.075000000000000000e+03
1.076000000000000000e+03
1.077000000000000000e+03
1.084000000000000000e+03
1.085000000000000000e+03
1.212000000000000000e+03
1.213000000000000000e+03
1.214000000000000000e+03
1.215000000000000000e+03
1.219000000000000000e+03
1.220000000000000000e+03
1.250000000000000000e+03
1.251000000000000000e+03
1.268000000000000000e+03
1.269000000000000000e+03
1.293000000000000000e+03
1.294000000000000000e+03
1.295000000000000000e+03
1.296000000000000000e+03
1.334000000000000000e+03
1.335000000000000000e+03
1.336000000000000000e+03
1.337000000000000000e+03
1.338000000000000000e+03
1.339000000000000000e+03
1.352000000000000000e+03
1.353000000000000000e+03
1.388000000000000000e+03
1.389000000000000000e+03
1.400000000000000000e+03
1.401000000000000000e+03
1.403000000000000000e+03
1.404000000000000000e+03
1.405000000000000000e+03
1.406000000000000000e+03
1.414000000000000000e+03
1.415000000000000000e+03
1.417000000000000000e+03
1.418000000000000000e+03
1.423000000000000000e+03
1.424000000000000000e+03
1.425000000000000000e+03
1.426000000000000000e+03
1.435000000000000000e+03
1.436000000000000000e+03
1.485000000000000000e+03
1.486000000000000000e+03
1.495000000000000000e+03
1.496000000000000000e+03
1.497000000000000000e+03
1.498000000000000000e+03
1.505000000000000000e+03
1.506000000000000000e+03
1.513000000000000000e+03
1.514000000000000000e+03
1.518000000000000000e+03
1.519000000000000000e+03
1.526000000000000000e+03
1.527000000000000000e+03
1.542000000000000000e+03
1.543000000000000000e+03
1.554000000000000000e+03
1.555000000000000000e+03
1.564000000000000000e+03
1.565000000000000000e+03
1.586000000000000000e+03
1.587000000000000000e+03
